1R|2L	0	0	0	26	9	57
2R|3L	0	0	2	21	8	58
3R|4L	0	0	2	18	8	58
4R|5L	0	0	2	18	7	59
5R|6L	0	0	0	9	5	61
6R|7L	0	0	16	38	20	46
7R|8L	3	3	4	33	15	51
8R|9L	3	3	4	11	7	59
9R|10L	0	0	4	3	1	65
10R|11L	7	7	6	34	22	44
11R|12L	7	7	10	51	32	34
12R|13L	12	12	0	21	23	43
13R|14L	16	16	2	19	39	27
14R|15L	7	7	0	7	35	31
15R|16L	18	18	0	18	31	35
16R|17L	0	0	0	3	8	58
17R|18L	3	3	2	5	11	55
18R|19L	6	6	4	28	14	52
19R|20L	0	0	0	4	0	66
20R|21L	7	7	2	18	12	54
21R|22L	9	9	8	19	18	48
22R|23L	0	0	4	12	7	59
23R|24L	2	2	10	7	9	57
24R|25L	2	2	14	15	11	55
25R|26L	1	1	4	10	7	59
26R|27L	4	4	0	8	10	56
27R|28L	14	14	16	33	38	28
28R|29L	9	9	6	27	33	33
29R|30L	4	4	0	4	19	47
30R|31L	12	12	0	6	31	35
31R|32L	12	12	2	13	47	19
32R|33L	0	0	2	1	44	22
33R|34L	0	0	2	6	46	20
34R|35L	5	5	0	3	50	16
35R|36L	25	25	0	20	51	15
36R|37L	2	2	2	6	18	48
37R|38L	4	4	2	18	21	45
38R|39L	3	3	10	17	25	41
39R|40L	8	8	6	15	22	44
40R|41L	2	2	2	10	15	51
41R|42L	4	4	2	15	13	53
42R|43L	1	1	0	1	6	60
43R|1L	0	0	4	3	8	58
