JS94	0	0	0	0	43
JS96	0	0	0	0	43
JS274	1	2	0	5	38
JS571	1	2	5	18	25
JS601	1	0	2	11	32
JS605	2	0	0	5	38
JS606	4	4	11	14	58
JS608	2	0	3	11	32
JS610	3	0	0	7	36
JS611	0	0	2	4	39
JS612	3	2	0	9	34
JS618	2	2	0	16	27
JS621	2	0	1	11	35
JS622	1	0	5	13	30
JS623	2	2	0	7	36
JS624	2	4	0	13	30
JS625	1	0	0	3	40
JS626	1	4	0	9	34
JS627	2	0	0	5	38
JS629	2	0	0	10	33
JS708	2	0	0	9	34
JS710	3	12	29	13	88
JS713	2	2	0	20	23
JS714	1	0	0	7	36
JS715	4	2	0	14	29
JS716	1	0	0	12	31
JS717	1	0	0	6	37
JS718	1	0	0	10	33
JS719	4	2	0	15	28
JS722	2	0	6	13	31
JS724	3	4	1	15	34
JS725	2	0	0	10	33
JS726	3	0	4	14	29
JS727	2	0	4	12	31
JS728	1	2	0	15	28
JS729	2	0	5	15	47
JS730	2	0	0	11	32
JS733	1	2	0	11	32
JS736	2	0	0	9	34
JS737	3	0	0	20	23
JS738	1	0	6	12	31
JS739	2	2	0	10	33
JS602	2	0	18	24	21
JS603	1	8	12	11	53
JS613	1	2	25	31	18
JS617	3	0	20	23	30
JS709	3	0	29	28	20
JS712	2	2	2	10	34
JS720	1	4	4	15	28
JS721	2	2	12	37	6
JS723	0	0	3	13	51
JS607	1	4	13	10	48
JS614	1	0	2	4	80
JS615	1	0	3	12	47
JS732	2	0	14	9	55
JS734	1	2	6	25	21
JS604	2	0	11	21	32
JS711	6	0	16	17	43
JS628	0	0	5	6	53
JS706	1	2	6	22	24
JS609	2	2	14	19	29
JS705	1	0	5	12	67
JS599	5	0	14	17	36
JS735	0	6	27	26	41
JS731	0	4	23	11	68
JS707	4	2	35	9	87

