JS94	0	43	0	0
JS96	0	43	0	0
JS274	2	41	0	0
JS571	10	33	0	0
JS599	9	13	21	0
JS601	9	33	1	0
JS602	6	33	4	0
JS603	5	10	20	8
JS604	13	16	13	1
JS605	3	40	0	0
JS606	5	34	0	4
JS607	3	14	26	0
JS608	6	37	0	0
JS609	8	23	12	0
JS610	4	39	0	0
JS611	2	41	0	0
JS612	4	39	0	0
JS613	15	16	7	5
JS614	3	17	3	20
JS615	10	15	18	0
JS617	15	10	11	7
JS618	12	31	0	0
JS621	9	30	4	0
JS622	7	36	0	0
JS623	3	40	0	0
JS624	7	36	0	0
JS625	2	41	0	0
JS626	4	39	0	0
JS627	3	40	0	0
JS628	5	20	17	1
JS629	8	35	0	0
JS705	10	9	8	16
JS706	17	19	7	0
JS707	5	6	10	22
JS708	7	36	0	0
JS709	8	18	17	0
JS710	7	1	4	31
JS711	9	5	27	2
JS712	5	36	2	0
JS713	16	27	0	0
JS714	6	37	0	0
JS715	8	35	0	0
JS716	11	32	0	0
JS717	5	38	0	0
JS718	9	34	0	0
JS719	9	34	0	0
JS720	7	35	1	0
JS721	25	15	2	1
JS722	6	35	2	0
JS723	11	10	22	0
JS724	10	24	9	0
JS725	8	35	0	0
JS726	7	36	0	0
JS727	6	37	0	0
JS728	12	31	0	0
JS729	11	10	22	0
JS730	9	34	0	0
JS731	4	10	16	13
JS732	4	8	30	1
JS733	8	35	0	0
JS734	18	20	5	0
JS735	17	3	10	13
JS736	7	36	0	0
JS737	17	26	0	0
JS738	5	38	0	0
JS739	6	37	0	0
