JS94	0	0	0	0	43
JS96	0	0	0	0	43
JS274	1	2	0	5	38
JS571	1	2	5	18	25
JS601	1	0	2	11	32
JS605	2	0	0	5	38
JS606	4	4	2	14	29
JS608	2	0	3	11	32
JS610	3	0	0	7	36
JS611	0	0	2	4	39
JS612	3	2	0	9	34
JS618	2	2	0	16	27
JS621	2	0	1	11	32
JS622	1	0	5	13	30
JS623	2	2	0	7	36
JS624	2	4	0	13	30
JS625	1	0	0	3	40
JS626	1	4	0	9	34
JS627	2	0	0	5	38
JS629	2	0	0	10	33
JS708	2	0	0	9	34
JS710	1	8	13	13	30
JS713	2	2	0	20	23
JS714	1	0	0	7	36
JS715	4	2	0	14	29
JS716	1	0	0	12	31
JS717	1	0	0	6	37
JS718	1	0	0	10	33
JS719	4	2	0	15	28
JS722	2	0	6	13	30
JS724	3	2	1	15	28
JS725	2	0	0	10	33
JS726	3	0	4	14	29
JS727	2	0	4	12	31
JS728	1	2	0	15	28
JS729	1	0	4	15	28
JS730	2	0	0	11	32
JS733	1	2	0	11	32
JS736	2	0	0	9	34
JS737	3	0	0	20	23
JS738	1	0	6	12	31
JS739	2	2	0	10	33
JS602	2	0	18	24	19
JS603	1	6	10	11	32
JS613	1	2	20	31	12
JS617	2	0	19	23	20
JS709	2	0	29	28	15
JS712	2	2	2	10	33
JS720	1	4	4	15	28
JS721	2	2	12	37	6
JS723	0	0	3	13	30
JS607	1	4	12	10	33
JS614	1	0	2	4	39
JS615	1	0	3	12	31
JS732	1	0	14	9	34
JS734	1	2	6	25	18
JS604	1	0	9	21	22
JS711	3	0	14	17	26
JS628	0	0	4	6	37
JS706	1	2	6	22	21
JS609	2	2	14	19	24
JS705	1	0	5	12	31
JS599	4	0	14	17	26
JS735	0	4	15	26	17
JS731	0	2	14	11	32
JS707	2	2	20	9	34
