1R|2L	0	0	0	29	9	57
2R|3L	0	0	2	23	8	59
3R|4L	0	0	2	19	8	68
4R|5L	0	0	2	18	7	69
5R|6L	0	0	0	9	5	73
6R|7L	0	0	16	42	20	51
7R|8L	3	3	4	39	15	58
8R|9L	3	3	6	11	7	72
9R|10L	0	0	6	3	1	80
10R|11L	7	7	6	39	22	52
11R|12L	7	7	10	61	32	36
12R|13L	13	13	0	24	23	50
13R|14L	18	18	4	24	39	35
14R|15L	9	9	0	9	35	47
15R|16L	21	21	0	21	31	49
16R|17L	0	0	0	5	8	84
17R|18L	3	3	2	7	11	80
18R|19L	6	6	4	42	14	63
19R|20L	0	0	0	5	0	90
20R|21L	7	7	2	21	12	68
21R|22L	9	9	10	24	18	59
22R|23L	0	0	4	18	7	75
23R|24L	2	2	14	16	9	74
24R|25L	2	2	22	19	11	73
25R|26L	2	2	4	12	7	83
26R|27L	5	5	0	12	10	77
27R|28L	15	15	16	46	38	31
28R|29L	9	9	6	35	33	39
29R|30L	4	4	0	5	19	64
30R|31L	13	13	0	10	31	47
31R|32L	15	15	2	20	47	21
32R|33L	0	0	2	1	44	28
33R|34L	0	0	2	9	46	23
34R|35L	5	5	0	5	50	19
35R|36L	30	30	0	23	51	18
36R|37L	2	2	2	15	18	63
37R|38L	5	5	2	20	21	61
38R|39L	3	3	12	18	25	54
39R|40L	10	10	8	17	22	52
40R|41L	3	3	2	11	15	63
41R|42L	5	5	2	15	13	61
42R|43L	2	2	0	1	6	72
43R|1L	0	0	4	3	8	72


